0 0.844340 0.634512 0.146226 0.171035
0 0.741745 0.477730 0.080189 0.099771
0 0.938679 0.103590 0.049528 0.049885
0 0.752948 0.055487 0.043632 0.046322
0 0.674528 0.072412 0.037736 0.040977
0 0.623821 0.068849 0.035377 0.037414
0 0.583726 0.067958 0.033019 0.042759
0 0.545991 0.057268 0.037736 0.028506
0 0.436910 0.046579 0.036557 0.035632
0 0.382075 0.065286 0.042453 0.040977
0 0.290094 0.103590 0.042453 0.042759
0 0.216981 0.071521 0.037736 0.046322
0 0.137382 0.089337 0.038915 0.035632
0 0.096108 0.192671 0.079009 0.071265
0 0.235849 0.415373 0.084906 0.096207
0 0.300708 0.292442 0.087264 0.071265
0 0.391509 0.293332 0.056604 0.076610
0 0.492335 0.283534 0.074292 0.103334